spawns:
  default:
    world: 253232d4-bac2-4b12-ae4e-86b0136ccad2
    world-name: world
    x: -417.9791723477492
    y: 70.0
    z: -67.25706819945809
    yaw: -20.39905548095703
    pitch: 11.099871635437012
